100
3 1 5 15 13 11
3 0 8 23 22 21
3 0 0 21 29 13
3 3 4 23 5 27
2 0 10 24 9
2 1 1 13 19
2 0 5 15 12
1 1 6 8
3 0 3 5 5 5
3 0 2 16 10 3
2 2 7 2 20
2 1 7 4 21
1 0 1 19
1 0 0 5
3 3 9 14 7 28
3 3 2 27 21 22
2 0 9 17 13
3 0 1 0 0 0
2 0 0 26 30
1 0 2 18
2 1 7 17 18
2 0 8 20 18
3 1 8 21 21 20
2 2 10 20 21
3 3 2 7 26 2
3 2 7 18 17 18
2 0 7 22 7
3 0 4 2 28 5
2 1 5 12 12
2 0 6 3 8
1 0 0 30
3 0 8 1 21 3
2 2 0 14 10
2 0 4 1 29
1 0 4 9
1 0 0 6
1 0 10 27
2 0 5 20 8
2 2 10 17 12
2 0 0 0 0
3 1 3 0 6 6
1 1 2 9
1 0 1 28
3 0 9 11 23 24
1 0 10 28
2 1 3 5 5
2 2 7 28 17
1 0 10 11
1 0 8 25
2 2 5 2 2
3 0 9 24 23 24
1 0 7 16
3 0 9 23 23 7
1 1 10 28
3 1 6 14 4 14
1 0 5 12
1 0 5 9
3 2 2 14 25 12
3 0 3 9 17 27
1 0 7 17
3 3 9 20 10 21
2 0 6 30 28
3 0 4 9 9 17
2 0 9 29 21
1 1 4 7
2 0 1 2 17
3 3 4 9 11 28
2 0 3 29 5
2 0 1 14 21
1 0 5 12
2 0 0 5 11
2 0 8 24 9
3 0 10 5 29 4
3 2 0 27 10 23
3 1 10 11 25 19
3 3 4 9 16 2
3 2 1 22 20 0
2 2 5 3 4
2 2 9 11 12
1 0 8 21
2 0 7 20 18
2 0 7 20 20
1 1 1 22
2 2 8 11 13
2 0 2 2 3
3 0 7 25 17 5
1 1 2 8
1 1 5 11
3 2 8 0 2 28
3 0 6 15 10 6
3 1 5 8 29 5
3 1 2 19 2 2
3 0 10 30 30 30
2 2 2 19 19
2 2 3 12 8
1 0 1 3
3 0 8 0 21 20
1 0 10 7
1 0 3 18
3 0 6 15 15 15
