1000
97 395
19 295
30 892
71 756
82 866
90 555
85 895
71 755
150 606
27 244
219 439
112 225
155 311
115 231
379 759
1 1000
328 657
328 760
201 403
201 646
335 671
335 972
69 282
69 281
69 283
69 401
339 679
339 891
343 687
343 788
182 365
182 437
150 301
150 344
290 581
290 718
68 572
68 571
68 573
68 715
130 526
130 525
130 527
130 717
18 282
18 281
18 283
18 323
90 748
90 747
90 749
90 911
84 169
84 233
29 335
29 334
29 336
29 376
187 375
187 627
256 513
256 928
139 562
139 561
139 563
139 607
53 452
53 451
53 453
53 539
151 303
151 422
210 421
210 734
66 133
66 215
2 779
2 778
2 780
2 852
164 329
164 642
406 813
406 818
267 535
267 683
288 577
288 791
413 827
413 944
317 635
317 793
91 183
91 344
269 539
269 679
164 662
164 661
164 663
164 718
243 487
243 531
107 657
107 656
107 658
107 764
88 543
88 542
88 544
88 692
318 637
318 713
14 470
14 469
14 471
14 481
369 739
369 881
289 579
289 795
172 694
172 693
172 695
172 967
23 567
23 566
23 568
23 620
313 627
313 823
53 107
53 211
183 367
183 438
60 246
60 245
60 247
60 349
255 511
255 968
326 653
326 926
117 717
117 716
117 718
117 879
41 356
41 355
41 357
41 370
23 212
23 211
23 213
23 220
108 438
108 437
108 439
108 449
384 769
384 912
97 804
97 803
97 805
97 904
309 619
309 669
114 940
114 939
114 941
114 991
304 609
304 624
460 921
460 976
309 619
309 994
368 737
368 778
195 391
195 637
78 825
78 824
78 826
78 946
248 497
248 926
41 170
41 169
41 171
41 179
84 342
84 341
84 343
84 368
226 453
226 688
232 465
232 650
261 523
261 753
341 683
341 753
12 969
12 968
12 970
12 976
2 65
2 64
2 66
2 78
457 915
457 963
227 455
227 854
395 791
395 943
163 658
163 657
163 659
163 742
63 393
63 392
63 394
63 397
14 689
14 688
14 690
14 730
152 305
152 519
99 199
99 275
12 25
12 36
402 805
402 986
466 933
466 992
302 605
302 924
271 543
271 551
145 586
145 585
145 587
145 627
155 311
155 566
131 263
131 479
191 383
191 697
78 318
78 317
78 319
78 326
174 702
174 701
174 703
174 743
323 647
323 920
53 333
53 332
53 334
53 406
47 194
47 193
47 195
47 234
235 471
235 764
3 525
3 524
3 526
3 543
34 69
34 84
48 763
48 762
48 764
48 832
191 383
191 452
24 159
24 158
24 160
24 183
66 556
66 555
66 557
66 684
146 293
146 348
14 469
14 471
14 501
122 493
122 495
122 722
205 530
312 680
214 766
13 386
13 388
13 444
51 804
51 806
51 893
58 362
58 364
58 395
72 931
227 868
37 929
37 931
37 963
186 749
186 751
186 935
172 489
30 344
30 346
30 404
6 309
6 311
6 346
59 241
59 243
59 275
110 674
110 676
110 699
74 301
74 303
74 442
419 877
317 765
67 563
67 565
67 585
66 857
66 859
66 940
320 969
56 143
240 956
300 780
146 382
87 536
87 538
87 670
148 353
32 934
32 936
32 989
11 350
11 352
11 409
119 481
119 483
119 628
96 243
329 985
20 85
20 87
20 112
363 843
90 365
90 367
90 441
27 729
27 731
27 797
177 664
380 858
325 824
24 851
24 853
24 886
334 839
302 639
247 784
237 778
442 995
135 545
135 547
135 676
97 596
97 598
97 796
67 869
67 871
67 899
191 580
123 347
28 182
28 184
28 227
121 456
120 734
120 736
120 863
4 146
4 148
4 178
175 705
175 707
175 712
399 993
45 494
45 496
45 582
246 760
281 715
19 569
19 571
19 611
354 944
126 770
126 772
126 906
9 369
9 371
9 377
299 813
379 950
132 266
118 445
62 386
62 388
62 437
244 857
88 731
88 733
88 741
123 496
320 724
301 893
367 890
101 409
101 411
101 483
154 405
268 980
229 726
197 793
197 795
197 828
87 536
87 538
87 591
81 500
81 502
81 554
196 585
9 217
89 212
33 552
33 554
33 559
226 909
226 911
226 987
69 428
69 430
69 555
152 613
152 615
152 865
196 606
138 549
86 530
86 532
86 665
159 641
159 643
159 752
48 762
48 764
48 826
89 934
89 936
89 974
198 651
12 636
12 638
12 652
210 504
122 746
122 748
122 836
204 821
204 823
204 975
39 969
39 971
39 995
302 836
2 559
2 561
2 578
195 475
14 538
14 540
14 559
200 432
279 628
300 612
116 469
116 471
116 568
90 747
90 749
90 938
191 769
191 771
191 887
487 999
234 677
108 891
108 893
108 963
63 674
63 676
63 731
39 854
39 856
39 867
114 461
114 463
114 582
361 731
1 902
1 904
1 957
12 907
371 967
242 606
101 903
198 620
230 508
116 695
25 846
87 878
229 525
113 959
27 61
184 520
181 717
443 907
5 285
191 579
237 485
190 844
108 330
48 720
11 795
94 209
16 425
22 925
341 757
140 658
391 948
290 849
32 127
27 262
134 388
264 814
83 803
66 382
46 465
229 643
8 496
276 727
81 977
33 778
43 729
8 961
312 861
156 806
3 811
156 990
249 733
15 831
250 650
145 716
75 395
61 205
95 901
171 397
310 636
282 718
27 994
102 871
243 669
4 720
170 430
87 751
9 258
72 151
57 881
437 960
409 971
462 939
279 945
53 410
279 632
116 612
321 926
159 954
211 809
104 309
393 806
2 293
217 935
216 481
261 877
196 922
106 231
215 734
20 875
127 497
320 885
4 961
335 961
192 893
287 624
178 823
253 756
459 919
393 810
125 270
203 958
377 953
1 256
9 906
304 642
222 879
72 151
194 788
295 704
283 640
209 971
120 877
38 411
52 458
269 687
241 848
319 867
412 852
345 897
166 724
12 965
341 880
408 915
234 868
232 866
122 513
51 939
45 607
160 735
8 808
424 906
290 885
91 516
166 442
138 514
201 934
207 671
247 930
139 928
296 702
128 919
193 958
114 807
170 884
100 435
353 900
138 624
456 937
212 914
347 825
150 574
22 380
203 779
33 999
71 919
193 631
274 626
155 921
49 686
307 737
356 959
148 435
432 946
166 757
263 725
205 694
329 725
133 562
196 706
71 314
22 691
146 513
244 841
191 718
140 753
190 891
30 201
211 771
248 664
241 782
192 877
347 930
159 524
200 444
220 612
75 820
50 677
227 923
222 507
179 847
325 844
84 749
224 881
24 432
39 602
168 797
204 704
232 685
9 914
54 534
72 287
28 883
286 594
61 423
419 885
63 390
101 717
72 904
139 286
487 985
430 902
41 854
38 686
165 539
169 563
248 501
357 968
247 537
176 899
56 974
287 690
265 753
125 605
388 999
162 546
43 609
31 719
316 635
228 483
79 461
77 370
335 974
131 956
366 832
73 963
112 854
217 646
85 270
188 598
160 683
284 854
38 564
426 928
339 850
183 799
104 653
173 369
41 927
273 864
94 601
78 933
191 431
50 732
257 800
102 617
29 204
293 671
250 681
256 925
206 690
71 250
71 227
47 856
341 720
347 746
229 572
160 481
150 534
252 620
46 327
131 832
46 870
128 574
25 380
54 588
73 395
145 607
352 888
129 654
40 980
1 235
76 316
153 918
79 361
128 591
377 789
258 917
40 755
102 385
236 567
122 890
35 744
260 739
223 687
272 609
45 715
149 406
136 526
74 855
65 775
411 966
102 551
66 642
142 909
32 109
141 704
52 124
128 277
136 355
166 913
313 833
16 123
182 421
334 853
344 752
165 778
92 538
112 490
95 616
63 904
312 806
221 971
462 927
216 901
183 629
107 668
174 907
39 319
296 642
485 995
155 693
185 858
91 655
252 866
321 928
91 633
20 81
119 699
186 753
82 434
233 660
101 505
23 980
214 497
448 997
113 296
319 761
292 765
57 370
53 684
342 942
220 876
213 961
177 570
89 786
65 635
190 986
51 446
119 827
183 953
259 656
289 802
289 612
417 995
10 508
119 743
18 995
129 363
88 361
273 598
95 931
208 615
293 761
354 761
10 666
183 998
54 579
329 852
153 916
138 960
52 458
180 775
60 431
45 550
111 584
66 951
209 958
420 883
112 505
296 640
131 704
66 669
120 671
275 849
316 707
432 968
100 641
128 913
14 576
184 463
63 898
288 741
92 792
6 249
350 872
269 900
188 624
31 970
148 621
2 720
59 573
450 930
3 546
247 977
236 480
317 885
60 327
146 684
27 329
354 848
32 474
154 546
267 673
245 617
79 193
67 648
54 175
166 351
143 530
142 974
195 780
50 166
156 401
84 705
84 741
117 646
191 540
297 849
333 932
294 802
174 496
182 459
232 861
385 797
144 520
43 478
13 870
186 873
5 639
110 614
132 753
193 904
50 692
210 976
86 763
48 534
6 791
194 903
11 351
214 853
355 931
149 953
224 496
110 827
103 796
177 417
66 736
