1000
178 719
21 197
150 607
15 302
30 892
85 895
156 630
178 718
97 394
71 755
152 305
382 765
219 439
321 643
317 635
1 1000
37 819
37 818
37 820
37 841
6 106
189 379
189 521
333 667
333 690
10 451
10 450
10 452
10 475
40 166
40 165
40 167
40 238
241 483
241 924
102 844
102 843
102 845
102 976
198 397
198 678
75 151
75 223
157 315
157 441
159 642
159 641
159 643
159 811
289 579
289 607
263 527
263 852
221 443
221 654
178 357
178 645
134 542
134 541
134 543
134 742
180 361
180 599
393 787
393 946
47 95
47 139
105 645
105 644
105 646
105 822
346 693
346 800
90 366
90 365
90 367
90 404
388 777
388 943
278 557
278 703
98 197
98 302
71 290
71 289
71 291
71 343
107 215
107 271
55 726
55 725
55 727
55 839
263 527
263 976
306 613
306 744
107 215
107 303
19 495
19 494
19 496
19 522
4 774
4 773
4 775
4 831
277 555
277 757
230 461
230 610
163 327
163 580
331 663
331 692
176 353
176 611
57 115
57 230
243 487
243 713
118 723
118 722
118 724
118 838
102 844
102 843
102 845
102 961
213 427
213 737
112 924
112 923
112 925
112 960
107 434
107 433
107 435
107 534
220 441
220 575
220 441
220 526
6 546
6 545
6 547
6 562
85 708
85 707
85 709
85 725
222 445
222 550
102 205
102 354
7 882
7 881
7 883
7 948
159 642
159 641
159 643
159 781
226 453
226 575
145 291
145 504
35 680
35 679
35 681
35 701
8 248
8 247
8 249
8 288
61 655
61 654
61 656
61 766
135 271
135 425
44 824
44 823
44 825
44 837
108 892
108 891
108 893
108 903
176 353
176 656
127 777
127 776
127 778
127 779
47 515
47 514
47 516
47 626
120 735
120 734
120 736
120 893
247 495
247 590
212 854
212 853
212 855
212 964
221 443
221 806
316 633
316 660
264 529
264 674
285 571
285 706
10 145
10 144
10 146
10 176
175 351
175 519
136 550
136 549
136 551
136 779
29 675
29 674
29 676
29 680
95 386
95 385
95 387
95 488
233 467
233 697
225 906
225 905
225 907
225 973
22 549
22 548
22 550
22 593
320 641
320 744
76 805
76 804
76 806
76 814
6 105
6 104
6 106
6 124
63 675
63 674
63 676
63 691
49 654
49 653
49 655
49 713
276 553
276 687
17 329
17 328
17 330
17 361
70 435
70 434
70 436
70 549
61 250
61 249
61 251
61 348
186 750
186 749
186 751
186 822
353 707
353 741
52 565
52 564
52 566
52 638
9 867
9 866
9 868
9 936
43 87
43 129
4 490
4 489
4 491
4 500
12 880
12 879
12 881
12 962
47 515
47 514
47 516
47 553
336 673
336 846
152 305
152 477
22 330
22 329
22 331
22 370
317 635
317 714
135 824
135 826
135 941
167 486
27 729
27 731
27 744
114 377
244 982
187 753
187 755
187 826
18 549
18 551
18 612
198 797
198 799
198 983
160 645
160 647
160 778
177 713
177 715
177 990
147 593
147 595
147 880
154 352
5 655
5 657
5 662
264 628
247 823
67 714
67 716
67 719
92 566
92 568
92 619
23 412
23 414
23 462
24 60
66 857
66 859
66 914
118 355
271 731
201 808
225 905
225 907
225 992
9 558
9 560
9 610
6 29
6 31
6 47
227 756
138 373
99 608
99 610
99 680
365 841
305 825
342 689
214 590
91 755
91 757
91 813
91 755
91 757
91 834
162 334
37 323
37 325
37 371
307 731
136 830
136 832
136 967
302 896
12 794
12 796
12 827
180 660
264 999
21 779
21 781
21 831
230 508
308 959
92 763
92 765
92 927
378 941
156 950
156 952
156 966
320 685
28 567
28 569
28 654
293 689
336 899
75 794
75 796
75 848
77 237
107 433
107 435
107 459
46 855
46 857
46 898
230 881
259 655
281 831
147 401
312 672
139 561
139 563
139 843
239 787
8 832
8 834
8 896
285 651
32 829
32 831
32 927
181 729
181 731
181 973
268 672
238 499
4 428
4 430
4 449
232 885
267 934
306 717
111 449
111 451
111 665
265 938
257 515
70 905
70 907
70 935
374 787
3 167
3 169
3 187
56 874
56 876
56 970
367 810
84 884
84 886
84 965
211 535
196 773
110 445
110 447
110 627
101 409
101 411
101 551
193 777
193 779
193 852
343 883
152 612
83 337
83 339
83 404
279 564
151 552
91 755
91 757
91 768
244 765
208 837
208 839
208 878
77 814
77 816
77 929
360 872
318 668
221 889
221 891
221 986
240 820
193 777
193 779
193 934
126 299
314 793
206 714
376 822
49 903
49 905
49 914
371 984
172 515
116 469
116 471
116 489
225 905
225 907
225 921
121 911
98 893
199 619
260 538
121 901
54 240
110 526
23 386
318 759
120 302
313 891
259 880
54 684
369 835
306 625
100 652
204 656
19 723
255 666
18 886
124 741
2 717
118 880
5 30
279 665
56 930
65 734
298 787
10 794
134 802
376 968
172 489
357 788
196 564
84 474
199 676
242 949
6 592
238 945
37 413
224 991
62 275
77 655
248 839
81 620
249 769
311 653
210 639
18 330
293 940
56 548
75 787
184 727
79 385
47 955
274 751
27 350
307 722
298 597
374 892
175 358
47 566
261 669
162 833
24 453
410 887
414 999
97 917
40 750
178 670
134 690
79 414
342 972
28 522
106 796
348 858
104 933
350 711
264 718
9 43
110 609
262 936
108 650
283 621
249 574
128 413
327 744
82 451
322 994
220 830
441 917
252 810
57 795
223 635
88 754
223 741
420 933
232 565
270 724
273 792
456 961
179 977
47 632
11 276
190 887
359 814
324 840
31 748
252 802
354 751
93 348
3 576
126 580
386 808
297 638
229 740
4 194
123 795
292 743
46 411
49 253
279 721
209 745
154 762
194 544
18 450
252 812
155 821
7 745
121 505
92 737
33 490
18 636
26 230
124 724
196 935
159 506
250 787
250 680
302 963
29 737
69 474
61 741
308 707
30 125
204 971
7 556
66 519
175 823
46 353
205 649
65 313
88 517
231 864
255 906
388 865
41 661
213 640
204 492
214 979
95 420
207 577
172 366
10 291
159 966
291 842
282 730
170 496
439 935
194 970
221 622
280 619
17 478
159 527
239 790
17 854
332 940
291 659
152 940
164 654
218 582
201 881
43 346
133 702
249 768
79 529
78 947
390 872
250 659
31 157
158 755
219 613
64 214
94 661
107 494
314 665
260 615
185 821
137 399
71 429
274 566
7 344
70 397
122 573
340 773
5 23
230 990
118 949
155 578
36 798
22 659
294 635
181 876
104 437
105 940
71 879
266 753
319 847
168 394
141 465
392 932
293 869
213 650
246 807
41 345
163 447
103 238
233 972
54 289
67 709
48 559
110 878
78 738
411 932
137 810
122 800
183 504
81 839
316 766
62 660
197 643
177 865
154 900
346 910
7 427
32 126
126 572
48 166
250 659
2 712
365 777
306 744
382 997
228 616
150 854
30 576
81 293
114 928
410 913
162 845
319 968
199 591
20 898
228 740
255 697
275 726
33 603
73 653
63 937
198 483
179 598
436 929
121 294
240 551
88 188
79 546
87 432
115 552
129 642
154 355
115 949
197 790
93 495
157 628
197 617
116 694
121 693
283 961
405 947
280 861
106 301
140 336
15 863
435 919
108 740
176 486
278 908
81 960
3 942
30 650
54 208
410 984
155 556
62 595
35 175
107 849
212 533
154 862
192 589
20 657
5 932
431 955
64 971
208 478
349 946
138 935
322 953
423 867
65 420
242 928
237 858
132 479
234 719
77 824
100 455
74 764
46 844
12 727
216 763
57 165
372 828
128 391
18 550
147 703
371 911
63 953
266 858
66 134
39 898
79 706
45 840
317 827
135 860
161 422
113 460
68 388
94 575
87 659
26 587
61 141
3 369
360 791
93 577
78 707
293 845
125 988
327 818
322 690
196 948
34 428
79 397
253 717
432 915
125 464
315 892
153 746
188 527
70 754
30 690
24 404
184 395
130 424
55 719
222 620
143 612
67 283
297 745
277 864
245 926
88 494
126 913
205 807
65 199
332 737
83 890
373 930
443 968
44 565
234 862
96 455
280 654
209 522
84 787
34 603
249 799
215 648
268 723
158 356
163 479
43 484
278 924
111 789
62 615
313 864
214 601
366 844
132 522
10 811
254 850
268 900
67 354
303 628
22 388
129 452
162 882
20 438
2 335
38 839
311 795
108 954
12 549
140 446
129 852
96 880
63 673
89 747
219 594
11 471
227 842
146 505
21 61
214 667
69 514
303 655
192 951
313 926
81 983
61 448
122 600
107 793
65 517
273 903
24 536
221 608
235 494
282 772
1 532
308 710
167 464
26 720
67 970
191 933
98 639
169 966
5 267
322 924
142 406
122 292
196 914
251 602
46 817
399 884
296 605
42 226
194 939
29 735
13 747
79 579
34 142
123 321
114 778
77 397
