1000
178 719
19 295
30 892
181 731
27 245
163 658
12 564
178 718
219 882
181 730
282 565
137 275
102 205
155 311
379 759
1 1000
189 379
189 581
251 503
251 510
192 385
192 524
220 441
220 664
229 922
229 921
229 923
229 946
134 819
134 818
134 820
134 852
151 303
151 399
55 111
55 132
73 147
73 168
258 517
258 649
213 427
213 792
43 178
43 177
43 179
43 247
8 752
8 751
8 753
8 787
57 357
57 356
57 358
57 386
220 441
220 535
131 801
131 800
131 802
131 935
18 708
18 707
18 709
18 759
138 277
138 431
93 187
93 248
92 374
92 373
92 375
92 464
364 729
364 949
30 996
30 995
30 997
30 999
124 249
124 476
86 350
86 349
86 351
86 480
109 442
109 441
109 443
109 475
459 920
180 726
180 725
180 727
180 760
57 750
57 749
57 751
57 871
123 498
123 497
123 499
123 521
189 379
189 394
284 569
284 672
331 663
331 781
197 395
197 764
151 610
151 609
151 611
151 703
153 307
153 463
201 403
201 457
161 650
161 649
161 651
161 817
150 606
150 605
150 607
150 650
157 634
157 633
157 635
157 919
115 231
115 393
353 707
353 720
98 812
98 811
98 813
98 858
252 505
252 852
333 667
333 920
217 874
217 873
217 875
217 976
89 362
89 361
89 363
89 470
312 625
312 696
55 345
208 417
208 749
67 417
67 416
67 418
67 546
8 350
8 349
8 351
8 387
77 644
77 643
77 645
77 785
407 815
407 937
13 93
13 92
13 94
13 127
128 257
221 443
221 747
83 692
83 691
83 693
83 710
247 495
247 606
247 495
247 706
54 847
54 846
54 848
54 923
331 663
331 681
361 723
361 826
84 700
84 699
84 701
84 863
29 59
29 112
294 589
294 955
322 645
322 867
133 813
133 812
133 814
133 996
227 914
227 913
227 915
227 988
14 140
14 139
14 141
14 170
270 541
270 901
407 815
407 994
197 395
197 468
281 563
281 711
70 906
70 905
70 907
70 967
329 659
329 797
284 569
284 760
19 424
19 423
19 425
19 469
38 623
38 622
38 624
38 676
103 207
103 212
141 283
141 543
32 134
32 133
32 135
32 137
23 153
23 152
23 154
23 186
417 835
417 924
2 495
2 494
2 496
2 514
199 802
199 801
199 803
199 850
7 444
181 363
181 644
374 749
374 988
76 636
76 635
76 637
76 765
430 861
430 978
157 634
157 633
157 635
157 795
204 409
204 545
393 787
393 888
99 199
99 387
162 654
162 653
162 655
162 955
342 685
342 696
2 495
2 494
2 496
2 557
49 777
49 776
49 778
49 864
57 889
57 888
57 890
57 976
84 700
84 699
84 701
84 870
145 291
145 465
450 901
450 935
161 323
161 590
312 625
312 696
25 80
37 608
37 610
37 685
277 602
197 793
197 795
197 824
66 269
66 271
66 349
152 613
152 615
152 748
21 779
21 781
21 862
65 694
65 696
65 709
117 473
117 475
117 664
38 836
38 838
38 856
167 564
144 581
144 583
144 758
149 601
149 603
149 899
90 259
386 783
289 939
107 433
107 435
107 588
199 791
350 887
231 615
80 250
248 733
133 529
356 878
113 259
27 824
27 826
27 908
297 809
278 761
358 867
404 907
460 992
385 883
294 766
27 176
27 178
27 200
60 374
60 376
60 392
14 854
14 856
14 922
111 449
111 451
111 504
319 955
5 44
5 46
5 47
111 449
111 451
111 477
324 664
313 878
242 744
27 176
27 178
27 240
171 600
14 139
14 141
14 159
171 601
224 494
77 476
77 478
77 627
11 847
11 849
11 883
48 302
48 304
48 383
4 854
4 856
4 893
425 919
147 593
147 595
147 881
32 934
32 936
32 961
144 579
142 573
142 575
142 705
33 291
33 293
33 311
47 514
47 516
47 561
370 923
158 637
158 639
158 939
381 789
117 360
138 474
312 869
249 570
36 315
36 317
36 359
207 833
207 835
207 952
33 746
33 748
33 776
259 946
224 540
84 700
4 854
4 856
4 906
77 643
77 645
77 795
285 942
33 647
33 649
33 663
164 661
164 663
164 690
360 758
32 364
32 366
32 394
389 946
135 545
135 547
135 801
101 393
11 295
11 297
11 335
341 862
63 674
63 676
63 738
85 345
85 347
85 383
280 567
11 472
11 474
11 498
102 413
102 415
102 527
361 868
293 997
134 541
134 543
134 639
103 632
103 634
103 712
287 637
32 449
32 451
32 494
299 946
98 602
98 604
98 658
43 692
43 694
43 742
95 787
95 789
95 964
75 794
75 796
75 956
181 475
399 956
407 839
49 776
49 778
49 782
8 674
8 676
8 718
24 669
24 671
24 694
78 651
78 653
78 711
136 366
385 981
294 625
405 957
228 601
163 683
24 181
259 644
151 672
117 572
93 222
256 694
147 817
200 895
146 368
15 868
5 815
96 848
93 200
87 712
34 502
120 736
276 858
323 972
63 720
73 955
90 199
370 968
356 835
8 345
275 805
302 965
79 506
373 874
223 608
145 745
429 882
62 499
354 885
72 721
220 699
124 763
333 696
14 961
82 941
421 850
205 919
374 958
82 196
282 782
16 636
228 561
143 318
46 871
49 312
77 922
265 856
195 680
308 748
131 900
281 647
373 899
136 927
295 911
266 663
126 903
120 635
243 804
51 781
92 662
281 693
200 760
302 905
234 834
15 876
72 322
105 620
102 276
86 372
83 253
347 891
8 692
40 447
61 584
215 484
16 89
156 919
132 458
113 462
67 707
165 549
38 991
142 346
210 533
50 888
215 542
261 984
9 402
366 873
128 294
73 485
190 862
142 302
379 843
182 775
18 732
322 938
14 33
392 828
56 972
58 583
252 557
139 909
203 493
139 281
419 984
256 610
48 512
128 799
58 468
49 817
190 772
248 955
339 807
104 271
108 541
128 892
104 596
196 923
189 707
36 476
287 987
207 951
182 891
88 789
266 907
222 760
397 830
110 767
40 605
51 727
306 902
300 951
92 737
209 522
83 285
406 847
27 751
393 962
361 983
76 988
401 840
13 427
116 529
83 423
38 409
47 279
48 681
271 773
216 879
150 960
148 594
166 564
330 669
154 331
129 308
5 636
358 801
36 356
449 991
113 717
83 469
181 500
70 534
421 937
240 641
300 832
376 960
489 983
21 634
96 262
148 760
103 980
108 869
169 868
334 678
18 128
376 780
89 419
368 894
38 386
76 173
211 479
190 572
296 930
65 799
329 810
188 378
38 896
246 509
385 926
306 992
326 737
198 406
292 993
68 474
329 667
16 748
219 993
278 928
103 271
288 800
23 735
282 762
130 914
319 735
110 286
181 954
215 728
38 986
234 584
64 388
274 679
251 511
234 493
334 852
215 545
328 926
191 835
10 695
189 826
42 794
393 958
27 449
163 743
161 729
38 500
350 842
71 613
85 439
168 388
76 468
62 754
491 999
127 482
494 999
1 739
50 278
29 848
278 623
9 810
23 394
95 646
94 526
381 948
44 993
462 954
25 544
282 863
133 560
41 262
219 836
11 397
32 979
237 688
18 432
292 952
149 656
31 361
336 769
9 371
33 936
325 918
231 808
243 647
33 637
178 755
107 355
26 646
238 549
236 865
44 283
53 728
15 658
400 974
167 650
311 633
55 999
172 462
352 800
169 690
103 971
127 587
32 647
356 814
198 432
11 507
322 872
108 336
32 855
299 612
254 928
65 355
178 569
63 953
187 707
34 647
126 393
281 854
296 670
259 737
173 872
395 883
177 960
39 308
339 717
141 935
115 401
191 665
193 483
73 242
45 591
139 689
263 857
333 886
189 991
215 494
81 171
272 816
104 923
304 1000
149 746
128 571
233 987
195 751
123 696
358 753
360 980
109 461
69 914
102 932
139 972
121 343
474 978
113 982
115 299
169 500
125 386
198 931
188 660
81 204
91 721
47 133
127 826
472 958
153 983
146 717
300 790
323 780
67 915
112 447
16 787
9 308
243 607
234 806
142 936
96 997
138 895
332 959
240 911
438 929
107 440
25 474
54 675
66 878
112 231
85 449
10 311
171 865
40 946
26 339
228 711
95 670
172 876
53 222
124 594
5 119
55 328
275 877
357 883
154 320
177 874
28 233
170 872
176 549
181 693
83 801
223 624
78 895
108 630
53 287
334 893
141 620
195 673
209 507
7 920
39 827
401 858
58 479
231 788
27 398
155 730
70 912
463 933
110 495
59 646
122 638
48 401
46 588
89 846
47 898
94 534
13 755
282 853
270 915
77 981
56 366
217 649
11 343
78 986
323 709
77 931
26 282
283 801
233 789
71 728
10 430
315 793
163 729
9 45
253 783
64 542
189 430
300 829
157 686
327 677
49 940
354 763
426 877
324 715
421 983
470 1000
423 897
414 868
386 877
387 793
112 910
39 381
258 585
126 697
19 536
238 484
53 771
182 549
174 760
152 822
17 635
15 481
309 724
58 297
410 923
225 925
135 897
